[GeneralInfo]
Version = 1.00
MID = 128
MSW_PN = 22991818
ECU_PN = 20995620
MSW_MaxMessageLength = 21
MSW_DiagnosticConnectorProgrammable = 1
ByteOrder = 1
VSPID = 
ECU_SN = 
Old_DST_PN = 
New_DST_PN = 22381211
CommunicationType = ENGSAE
Old_FormulaName = 
New_FormulaName = 
Level1DllName = 
Level2DllName = 
Level3DllName = 
Old_ConstantFile = 
New_ConstantFile = 
[Level0]
DL_MaxMessageLength = 128
FlashSyncErase = True
FLASHReprogramPW = 5879
FLASHEraseDelay = 10000
FLASHChecksumCalculationDelay = 5000
FLASHPartialErase = true
MSWRestartDelay = 3600000
[Level1]
EEPROMMasterPW = 5487
[ParameterProgramming]
Paramid1 = 9D,ATJ,ATK,ATL,ATM
Address1 = 52F4,2428,2435,2442,244F
Size1 = 2,9,9,9,9
Data1 = 0384,345037333538415833,5A4D4B354D39565A31,324643383659353054,4C4D36363534474D33
ParameterType1 = N,S,S,S,S
MinValue1 = 300,0,0,0,0
MaxValue1 = 1400,0,0,0,0
ScaleFactor1 = 0.100000,1.000000,1.000000,1.000000,1.000000
DataType1 = 4,1,1,1,1
ParameterLevel1 = 3,3,3,3,3
Unit1 = km/h,N/A,N/A,N/A,N/A
Paramid2 = ATN,ATO,BUR,BUS,DP
Address2 = 245C,2469,4664,4666,52F6
Size2 = 9,9,2,2,2
Data2 = 375630364C4B393131,3748443336454C5A39,0720,09C0,0384
ParameterType2 = S,S,N,N,N
MinValue2 = 0,0,800,800,300
MaxValue2 = 0,0,3200,3200,1400
ScaleFactor2 = 1.000000,1.000000,0.062500,0.062500,0.100000
DataType2 = 1,1,4,4,4
ParameterLevel2 = 3,3,2,2,4
Unit2 = N/A,N/A,mm,mm,km/h
Paramid3 = DR,DV,DVD,DY,DZ
Address3 = 15E9,52F8,1FAC,150D,150C
Size3 = 17,2,1,220,1
Data3 = 4120202020363932393430202020202020,012C,3E,32313438383437393030303231333032383137303030323133303238303430303032313331323839383030303231363639343232303030323133303238313130303032303736333732353030303231353731353233303030323135373135313630303032323337333733343030302020202020202020202020202020202020202020202020202020202020202020202020202020202020202020202020202020202020202020202020202020202020202020202020202020202020202020202020202020202020202020202020202020202020202020202020202020,0A
ParameterType3 = S,N,N,S,N
MinValue3 = 0,300,0,0,0
MaxValue3 = 0,1350,255,0,20
ScaleFactor3 = 1.000000,0.100000,0.050000,1.000000,1.000000
DataType3 = 1,4,1,1,1
ParameterLevel3 = 2,4,2,2,2
Unit3 = N/A,km/h,N/A,N/A,N/A
Paramid4 = FTA,GVX,IUD,JGW,JSF
Address4 = 1604,5688,16BC,3768,2FC4
Size4 = 17,2,16,1,2
Data4 = 5956324147333044314141363932393430,0000,32323338383832312020202020202020,00,0000
ParameterType4 = S,N,S,N,N
MinValue4 = 0,0,0,0,0
MaxValue4 = 0,0,0,0,65535
ScaleFactor4 = 1.000000,1.000000,1.000000,1.000000,1.000000
DataType4 = 1,3,1,2,3
ParameterLevel4 = 2,2,2,3,2
Unit4 = N/A,N/A,N/A,N/A,N/A
Paramid5 = LR,MI,MOB
Address5 = 1BB1,1BB0,2FEA
Size5 = 6,1,2
Data5 = 31263946524F,01,000C
ParameterType5 = S,N,N
MinValue5 = 0,0,0
MaxValue5 = 0,0,32767
ScaleFactor5 = 1.000000,1.000000,1.000000
DataType5 = 1,1,4
ParameterLevel5 = 2,2,2
Unit5 = N/A,N/A,s
[AreaInfoLevel1]
AreaId = 1,2
AreaStartAddress = 0000,0400
AreaEndAddress = 03FF,FFFF
AreaRWPWAddress = 000C,000E
[AreaInfoParameterProgramming]
AreaId = 1,2
AreaStartAddress = 0000,0400
AreaEndAddress = 03FF,FFFF
AreaRPW = FFFF,FFFF
AreaRWPW = FFFF,FFFF
[BaudRates]
DSW = 9600
MSW = 115200
DST = 9600
